0,254,255,0,0,5,1,2,0,0,0,0,0,0,0,0,0,0,0,0,0,0,0,0,0,1,0,0,0,2,213,205,213,156,46,27,16,147,151,8,0,43,44,249,174,48,0,0,0,248,0,0,0,9,0,0,0,1,0,0,0,80,0,0,0,15,0,0,0,88,0,0,0,23,0,0,0,100,0,0,0,11,0,0,0,108,0,0,0,16,0,0,0,116,0,0,0,19,0,0,0,124,0,0,0,22,0,0,0,132,0,0,0,13,0,0,0,140,0,0,0,12,0,0,0,177,0,0,0,2,0,0,0,181,3,0,0,30,0,0,0,4,0,0,0,0,0,0,0,3,0,0,0,196,31,11,0,11,0,0,0,0,0,0,0,11,0,0,0,0,0,0,0,11,0,0,0,0,0,0,0,11,0,0,0,0,0,0,0,30,16,0,0,2,0,0,0,4,0,0,0,40,49,41,0,17,0,0,0,39,40,49,41,39,33,80,114,105,110,116,95,65,114,101,97,0,12,16,0,0,4,0,0,0,30,0,0,0,9,0,0,0,191,246,197,169,189,195,198,174,0,3,0,0,0,1,0,0,0,30,0,0,0,19,0,0,0,192,204,184,167,192,204,32,193,246,193,164,181,200,32,185,252,192,167,0,3,0,0,0,1,0,0,0,0,0,0,0,0,0,0,0,0,0,0,0,0,0,0,0,0,0,0,0,0,0,0,0,0,0,0,0,0,0,0,0,0,0,0,0,0,0,0,0,0,0,0,0,0,0,0,0,0,0,0,0,0,0,0,0,0,0,0,0,0,0,0,0,0,0,0,0,0,0,0,0,0,0,0,0,0,0,0,0,0,0,0,0,0,0,0,0,0,0,0,0,0,0,0,0,0,0,0,0,0,0,0,0,0,0,0,0,0,0,0,0,0,0,0,0,0,0,0,0,0,0,0,0,0,0,0,0,0,0,0,0,0,0,0,0,0,0,0,0,0,0,0,0,0,0,0,0,0,0,0,0,0,0,0,0,0,0,0,0,0,0,0,0,0,0,0,0,0,0,0,0,0,0,0,0,0,0,0,0,0,0,0,0,0,0,0,0,0,0,0,0,0,0,0,0,0,0,0,0,0,0,0,0,0,0,0,0,0,0,0,0,0,0,0,0,0,0,0,0,0,0,0,0,0,0,0,0,0,0,0,0,0,0,0,0,0,0,0,0,0,0,0,0,0,0,0,0,0,0,0,0,0,0,0,0,0,0,0,0,0,0,0,0,0,0,0,0,0,0,0,0,0,0,0,0,0,0,0,0,0,0,0,0,0,0,0,0,0,0,0,0,0,0,0,0,0,0,0,0,0,0,0,0,0,0,0,0,0,0,0,0,0,0,0,0,0,0,0,0,0,0,0,0,0,0,0,0,0,0,0,0,0,0,0,0,0,0,0,0,0,0,0,0,0,0,0,0,0,0,0,0,0,0,0,0,0,0,0,0,0,0,0,0,0,0,0,0,0,0,0,0,0,0,0,0,0,0,0,0,0,0,0,0,0,0,0,0,0,0,0,0,0,0,0,0,0,0,0,0,0,0,0,0,0,0,0,0,0,0,0,0,0,0,0,0,0,0,0,0,0,0,0,0,0,0,0,0,0,0,0,0,0,0,0,0,0,0,0,0,0,0,0,0,0,0,0,0,0,0,0,0,0,0,0,0,0,0,0,0,0,0,0,0,0,0,0,0,0,0,0,0,0,0,0,0,0,0,0,0,0,0,0,0,0,0,0,0,0,0,0,0,0,0,0,0,0,0,0,0,0,0,0,0,0,0,0,0,0,0,0,0,0,0,0,0,0,0,0,0,0,0,0,0,0,0,0,0,0,0,0,0,0,0,0,0,0,0,0,0,0,0,0,0,0,0,0,0,0,0,0,0,0,0,0,0,0,0,0,0,0,0,0,0,0,0,0,0,0,0,0,0,0,0,0,0,0,0,0,0,0,0,0,0,0,0,0,0,0,0,0,0,0,0,0,0,0,0,0,0,0,0,0,0,0,0,0,0,0,0,0,0,0,0,0,0,0,0,0,0,0,0,0,0,0,0,0,0,0,0,0,0,0,0,0,0,0,0,0,0,0,0,0,0,0,0,0,0,0,0,0,0,0,0,0,0,0,0,0,0,0,0,0,0,0,0,0,0,0,0,0,0,0,0,0,0,0,0,0,0,0,0,0,0,0,0,0,0,0,0,0,0,0,0,0,0,0,0,0,0,0,0,0,0,0,0,0,0,0,0,0,0,0,0,0,0,0,0,0,0,0,0,0,0,0
0,254,255,0,0,5,1,2,0,0,0,0,0,0,0,0,0,0,0,0,0,0,0,0,0,1,0,0,0,224,133,159,242,249,79,104,16,171,145,8,0,43,39,179,217,48,0,0,0,180,0,0,0,8,0,0,0,1,0,0,0,72,0,0,0,4,0,0,0,80,0,0,0,8,0,0,0,96,0,0,0,18,0,0,0,112,0,0,0,11,0,0,0,136,0,0,0,12,0,0,0,148,0,0,0,13,0,0,0,160,0,0,0,19,0,0,0,172,0,0,0,2,0,0,0,181,3,0,0,30,0,0,0,8,0,0,0,177,185,188,188,195,187,0,0,30,0,0,0,8,0,0,0,75,111,114,101,97,0,0,0,30,0,0,0,16,0,0,0,77,105,99,114,111,115,111,102,116,32,69,120,99,101,108,0,64,0,0,0,0,113,255,56,33,92,200,1,64,0,0,0,128,149,1,206,136,216,198,1,64,0,0,0,0,159,85,32,120,93,200,1,3,0,0,0,0,0,0,0,0,0,0,0,0,0,0,0,0,0,0,0,0,0,0,0,0,0,0,0,0,0,0,0,0,0,0,0,0,0,0,0,0,0,0,0,0,0,0,0,0,0,0,0,0,0,0,0,0,0,0,0,0,0,0,0,0,0,0,0,0,0,0,0,0,0,0,0,0,0,0,0,0,0,0,0,0,0,0,0,0,0,0,0,0,0,0,0,0,0,0,0,0,0,0,0,0,0,0,0,0,0,0,0,0,0,0,0,0,0,0,0,0,0,0,0,0,0,0,0,0,0,0,0,0,0,0,0,0,0,0,0,0,0,0,0,0,0,0,0,0,0,0,0,0,0,0,0,0,0,0,0,0,0,0,0,0,0,0,0,0,0,0,0,0,0,0,0,0,0,0,0,0,0,0,0,0,0,0,0,0,0,0,0,0,0,0,0,0,0,0,0,0,0,0,0,0,0,0,0,0,0,0,0,0,0,0,0,0,0,0,0,0,0,0,0,0,0,0,0,0,0,0,0,0,0,0,0,0,0,0,0,0,0,0,0,0,0,0,0,0,0,0,0,0,0,0,0,0,0,0,0,0,0,0,0,0,0,0,0,0,0,0,0,0,0,0,0,0,0,0,0,0,0,0,0,0,0,0,0,0,0,0,0,0,0,0,0,0,0,0,0,0,0,0,0,0,0,0,0,0,0,0,0,0,0,0,0,0,0,0,0,0,0,0,0,0,0,0,0,0,0,0,0,0,0,0,0,0,0,0,0,0,0,0,0,0,0,0,0,0,0,0,0,0,0,0,0,0,0,0,0,0,0,0,0,0,0,0,0,0,0,0,0,0,0,0,0,0,0,0,0,0,0,0,0,0,0,0,0,0,0,0,0,0,0,0,0,0,0,0,0,0,0,0,0,0,0,0,0,0,0,0,0,0,0,0,0,0,0,0,0,0,0,0,0,0,0,0,0,0,0,0,0,0,0,0,0,0,0,0,0,0,0,0,0,0,0,0,0,0,0,0,0,0,0,0,0,0,0,0,0,0,0,0,0,0,0,0,0,0,0,0,0,0,0,0,0,0,0,0,0,0,0,0,0,0,0,0,0,0,0,0,0,0,0,0,0,0,0,0,0,0,0,0,0,0,0,0,0,0,0,0,0,0,0,0,0,0,0,0,0,0,0,0,0,0,0,0,0,0,0,0,0,0,0,0,0,0,0,0,0,0,0,0,0,0,0,0,0,0,0,0,0,0,0,0,0,0,0,0,0,0,0,0,0,0,0,0,0,0,0,0,0,0,0,0,0,0,0,0,0,0,0,0,0,0,0,0,0,0,0,0,0,0,0,0,0,0,0,0,0,0,0,0,0,0,0,0,0,0,0,0,0,0,0,0,0,0,0,0,0,0,0,0,0,0,0,0,0,0,0,0,0,0,0,0,0,0,0,0,0,0,0,0,0,0,0,0,0,0,0,0,0,0,0,0,0,0,0,0,0,0,0,0,0,0,0,0,0,0,0,0,0,0,0,0,0,0,0,0,0,0,0,0,0,0,0,0,0,0,0,0,0,0,0,0,0,0,0,0,0,0,0,0,0,0,0,0,0,0,0,0,0,0,0,0,0,0,0,0,0,0,0,0,0,0,0,0,0,0,0,0,0,0,0,0,0,0,0,0,0,0,0,0,0,0,0,0,0,0,0,0,0,0,0,0,0,0,0,0,0,0,0,0,0,0,0,0,0,0,0,0,0,0,0,0,0,0,0,0,0,0,0,0,0,0,0,0,0,0,0,0,0,0,0,0,0,0,0
0,9,8,16,0,0,6,5,0,210,31,205,7,201,192,0,0,6,3,0,0,225,0,2,0,176,4,193,0,2,0,0,0,226,0,0,0,92,0,112,0,5,0,0,75,111,114,101,97,32,32,32,32,32,32,32,32,32,32,32,32,32,32,32,32,32,32,32,32,32,32,32,32,32,32,32,32,32,32,32,32,32,32,32,32,32,32,32,32,32,32,32,32,32,32,32,32,32,32,32,32,32,32,32,32,32,32,32,32,32,32,32,32,32,32,32,32,32,32,32,32,32,32,32,32,32,32,32,32,32,32,32,32,32,32,32,32,32,32,32,32,32,32,32,32,32,32,32,32,32,32,32,32,66,0,2,0,176,4,97,1,2,0,0,0,192,1,0,0,61,1,2,0,9,0,156,0,2,0,14,0,25,0,2,0,0,0,18,0,2,0,0,0,19,0,2,0,0,0,175,1,2,0,0,0,188,1,2,0,0,0,61,0,18,0,0,0,24,6,136,59,222,33,56,0,0,0,0,0,1,0,88,2,64,0,2,0,0,0,141,0,2,0,0,0,34,0,2,0,0,0,14,0,2,0,1,0,183,1,2,0,0,0,218,0,2,0,0,0,49,0,20,0,220,0,0,0,255,127,144,1,0,0,0,3,129,104,2,1,203,179,192,198,49,0,20,0,220,0,0,0,255,127,144,1,0,0,0,3,129,104,2,1,203,179,192,198,49,0,20,0,220,0,0,0,255,127,144,1,0,0,0,3,129,104,2,1,203,179,192,198,49,0,20,0,220,0,0,0,255,127,144,1,0,0,0,3,129,104,2,1,203,179,192,198,49,0,20,0,220,0,0,0,255,127,144,1,0,0,0,3,129,104,2,1,203,179,192,198,49,0,20,0,160,0,0,0,255,127,144,1,0,0,0,3,129,104,2,1,203,179,192,198,49,0,44,0,200,0,0,0,255,127,144,1,0,0,0,2,0,104,14,1,67,0,101,0,110,0,116,0,117,0,114,0,121,0,32,0,71,0,111,0,116,0,104,0,105,0,99,0,49,0,22,0,120,0,0,0,255,127,144,1,0,0,0,3,129,104,3,1,203,179,192,198,180,204,49,0,22,0,160,0,0,0,255,127,144,1,0,0,0,3,129,104,3,1,203,179,192,198,180,204,49,0,26,0,120,0,0,0,255,127,144,1,0,0,0,2,0,104,5,1,65,0,114,0,105,0,97,0,108,0,49,0,22,0,200,0,0,0,255,127,144,1,0,0,0,3,129,104,3,1,203,179,192,198,180,204,49,0,20,0,120,0,0,0,255,127,144,1,0,0,0,3,129,104,2,1,203,179,192,198,49,0,26,0,160,0,0,0,255,127,144,1,0,0,0,2,0,104,5,1,65,0,114,0,105,0,97,0,108,0,49,0,20,0,180,0,1,0,255,127,188,2,0,0,0,3,129,104,2,1,203,179,192,198,49,0,26,0,160,0,1,0,255,127,188,2,0,0,0,2,0,104,5,1,65,0,114,0,105,0,97,0,108,0,49,0,20,0,180,0,0,0,255,127,144,1,0,0,0,3,129,104,2,1,203,179,192,198,49,0,20,0,220,0,4,0,12,0,144,1,0,0,1,3,129,104,2,1,203,179,192,198,49,0,20,0,220,0,4,0,36,0,144,1,0,0,1,3,129,104,2,1,203,179,192,198,49,0,22,0,160,0,1,0,255,127,188,2,0,0,0,3,129,104,3,1,203,179,192,198,180,204,49,0,20,0,160,0,1,0,255,127,188,2,0,0,0,3,129,104,2,1,203,179,192,198,49,0,20,0,140,0,0,0,255,127,144,1,0,0,0,3,129,104,2,1,203,179,192,198,49,0,20,0,64,1,1,0,12,0,188,2,0,0,0,3,129,104,2,1,203,179,192,198,49,0,20,0,220,0,0,0,12,0,144,1,0,0,0,3,129,104,2,1,203,179,192,198,49,0,26,0,120,0,0,0,12,0,144,1,0,0,0,2,0,104,5,1,65,0,114,0,105,0,97,0,108,0,49,0,20,0,160,0,0,0,12,0,144,1,0,0,0,3,129,104,2,1,203,179,192,198,49,0,44,0,160,0,0,0,12,0,144,1,0,0,0,2,0,104,14,1,67,0,101,0,110,0,116,0,117,0,114,0,121,0,32,0,71,0,111,0,116,0,104,0,105,0,99,0,30,4,24,0,5,0,19,0,0,34,92,34,35,44,35,35,48,59,92,45,34,92,34,35,44,35,35,48,30,4,29,0,6,0,24,0,0,34,92,34,35,44,35,35,48,59
